9
10
11
15
16
17
18
26
31
33
34
35
36
37
38
39
42
43
44
45
49
50
51
52
54
55
57
60
61
62
63
64
67
68
70
73
74
75
76
77
78
79
83
85
94
95
99
101
102
104
105
107
108
110
111
113
115
119
120
123
124
125
126
127
129
130
131
132
133
134
135
137
138
144
145
146
147
148
149
153
154
156
159
160
161
162
165
166
167
169
170
174
176
184
185
187
194
196
197
198
201
206
208
209
210
211
213
214
216
219
220
221
227
230
232
233
235
236
238
240
241
244
248
250
252
256
257
258
261
267
270
271
272
273
275
276
277
279
280
284
285
289
294
295
296
297
298
299
302
304
305
308
309
310
314
315
321
323
326
327
329
330
331
332
333
334
336
338
340
342
346
347
349
351
352
353
354
355
359
364
365
367
368
371
375
379
380
382
385
389
392
393
398
399
405
406
407
411
413
414
416
422
425
426
427
429
433
434
435
437
438
439
440
441
442
443
446
450
454
455
458
459
460
461
462
463
464
467
468
469
470
473
474
478
479
482
483
484
485
487
488
493
494
495
496
498
499
501
502
503
505
508
509
510
511
512
513
514
515
516
517
519
521
523
524
525
526
527
528
530
534
536
539
540
541
542
544
547
548
549
550
551
553
554
556
557
558
559
563
564
565
566
567
572
577
578
579
580
583
584
585
586
587
589
592
593
596
597
598
599
600
601
603
604
605
606
607
608
609
611
612
613
614
616
621
623
627
629
633
635
636
637
640
644
645
646
647
648
649
651
652
653
656
657
658
659
662
663
664
666
667
668
669
673
674
675
676
678
679
681
683
685
688
690
691
692
693
696
697
699
700
701
702
709
710
712
714
715
716
718
719
721
722
723
724
725
727
728
729
733
734
736
737
738
739
741
744
747
749
751
753
756
757
759
760
763
764
765
766
767
769
770
773
774
775
776
777
778
780
785
787
788
790
791
792
794
795
797
798
799
801
802
804
808
809
810
811
814
816
817
818
819
821
822
823
824
828
829
833
835
836
837
842
844
845
846
851
853
855
857
858
859
860
861
862
863
864
865
866
868
869
870
871
872
873
874
875
876
878
879
880
882
883
884
886
888
889
890
891
892
893
894
895
899
900
901
902
903
904
905
906
907
908
909
910
911
912
913
914
916
917
918
919
920
921
922
924
925
926
927
928
929
931
932
933
936
937
938
939
941
944
946
947
948
950
951
952
953
954
955
957
958
960
961
962
963
965
967
968
969
970
971
972
973
974
975
976
977
980
982
984
985
986
987
989
990
991
992
993
994
995
996
997
998
999